%YAML:1.0
---
homography: !!opencv-matrix
   rows: 3
   cols: 3
   dt: d
   data: [ 1.3319380051328039e-01, -9.8165204587633316e-03,
       -1.5149875974839293e+02, 1.4034435314715790e-02,
       1.1996503805373436e-01, -2.1201372078327566e+02,
       2.4635929674255347e-04, -1.6421139554286857e-02, 1. ]
